210627
214930
218396
219485
210287
210288
217965
218555
218555
215909
215824
218555
212440
210387
213414
212607
214660
212758
219485
210288
216335
213998
219749
219463
215824
212361
217664
212022
216335
211256
210387
215865
210387
211179
215200
215004
213764
211559
212022
213641
214522
219485
212022
216359
213998
213633
210345
217799
218033
217106
210062
219565
215189
217612
213201
212022
219565
214522
216863
219485
211491
217612
218653
217799
212758
218653
215200
210062
215824
214369
211112
214649
215909
214522
213641
219288
213764
210387
214804
216680
216540
216234
214160
213413
210009
214930
210537
212980
216219
214969
219463
216335
210627
218388
211228
211179
214410
210761
210062
214522
211082
211256
211559
210537
213201
211256
211423
214969
217799
219288
217106
212872
218555
216863
215268
215268
210287
219485
213414
217965
210627
211082
210062
212361
210345
215189
219565
210287
211423
210761
216680
214160
210009
212361
214930
213641
210040
214804
214963
218388
210009
210062
218396
216219
215189
217799
214804
214369
212980
217799
215017
215909
212995
216359
215824
218388
211252
212995
219485
211423
215189
210009
211228
212980
217965
210387
216234
212995
218033
214160
219463
212607
214410
215824
213123
211228
217160
212607
213764
217106
210537
219288
219565
212361
211252
214160
212995
215824
210776
216680
210761
216335
219749
214522
214660
218653
213123
211228
214804
214160
216540
218388
219288
219463
213633
217664
212607
214660
210776
210761
212995
215004
213123
216513
210776
218388
211491
210062
215268
214660
214410
211101
214410
219288
210009
215909
218033
216335
219749
217804
217799
216540
213201
211179
216513
219565
213633
218555
210288
216219
214502
213374
216513
216513
216234
217664
218033
215865
215004
215909
213197
214804
214410
213374
217799
219463
211082
214804
211082
219485
212980
212440
219565
215004
211228
218033
214963
219565
210062
213374
212440
210288
212440
217799
214369
215200
214969
215200
216234
213413
212995
211256
217965
211252
210537
216540
216335
216335
210040
214930
214522
210009
213414
218555
218555
216863
210009
216219
212022
210040
213374
211112
219463
213123
215824
212361
210040
210776
218396
219463
217799
211228
216359
213764
213201
218653
210062
218555
214410
210776
216540
213374
214502
218033
219749
214160
215189
218033
212022
217804
211559
217160
213413
212440
211252
212440
213764
213123
214930
215268
217664
215824
212607
213764
213998
210288
213374
219749
214649
210345
214410
216234
210627
215865
217106
211559
213998
211112
214522
216219
211256
216359
210345
211179
215909
215268
218388
212607
217612
216234
212758
213641
216540
215865
211491
216680
217567
210627
213123
214502
213641
214502
215189
215017
217664
211101
212607
210627
213201
210040
215268
217567
219463
211112
216219
214649
214410
219749
218555
215909
214963
214963
213764
218388
210288
214804
217799
214649
212607
211228
216540
214369
214410
218388
218396
216863
217612
216680
215004
214502
212758
218033
211101
218396
217106
217106
215865
212361
214969
213633
212872
214660
217664
213201
218033
212361
218033
212995
212758
210345
217612
211082
214522
218396
215017
216359
213201
211252
216680
215865
213641
212758
216680
216234
214930
216540
216234
212758
217567
211423
213633
210345
214969
219288
215865
214369
211112
210776
215200
216234
217612
214649
216359
218033
218396
214969
218388
211491
216219
215909
212980
211256
216680
216680
213641
218396
216359
218396
211423
216680
213641
215004
212872
214369
212022
211423
213374
214963
212607
214969
215909
213413
213201
214502
211101
215189
212022
216234
217106
212440
219463
210345
212758
215909
213633
211559
218396
214804
217106
213413
215865
214649
214649
219749
211559
216219
212980
219749
219749
210761
214963
216863
216234
214660
217804
210761
211112
216863
215865
217160
211256
213998
216540
212995
211179
214410
213414
213374
212980
213197
212758
214410
212440
218388
214660
213374
213413
211256
214963
211559
211112
213374
211491
213197
215268
215017
212980
216863
218033
217160
217612
214660
216863
212758
213374
214969
213764
216680
212995
218653
217106
217612
218388
216219
215004
213998
212361
214804
216234
213641
214502
216863
215268
216540
210062
211491
217567
218033
215200
213633
210776
210040
210062
214522
212440
216680
214969
212440
215200
212361
214963
214804
216863
211559
213201
211082
214930
214369
214804
210776
215200
214410
214969
217799
212980
210062
211252
211179
217799
216219
212607
211559
210345
215824
217804
217664
211228
210627
212440
213413
210040
210009
215200
215909
214660
213201
213414
213764
219485
216234
218555
214369
216234
214502
215189
212872
213123
215004
217612
210040
216359
214930
216219
214410
217799
214502
216513
211101
212607
216513
213374
210287
211256
213197
217612
214660
219485
215865
213633
214969
213123
210537
211112
215004
212995
215824
214649
216234
219485
215200
213633
213201
213633
210345
210345
211256
219288
219565
210776
210776
215189
212980
212022
218555
212607
215909
213641
214930
212607
215824
217664
215200
213641
214649
210287
213998
210062
210288
214660
218653
210537
213374
217799
216234
210387
213998
218555
218033
210287
210345
215017
213374
214930
214649
219288
211101
211252
216863
211082
214410
213414
214410
213764
219485
210288
214160
212872
211423
212361
213197
215824
211423
214930
211179
213633
217160
214660
211423
210345
215824
212872
214930
210537
215017
216863
213201
212607
215865
214969
216359
216335
213201
214660
215004
210288
215824
210761
210009
214804
212607
215200
216234
212758
210627
215909
211179
216359
212758
213123
213414
211101
216863
212607
219463
216680
217664
210287
213998
217612
210627
210287
217106
213374
211559
215909
219485
215189
212440
215824
219485
215017
210287
211179
210761
214804
213414
216863
212440
213123
210062
214502
213998
219485
210287
217804
214410
215004
219565
216335
216234
217106
216680
211423
213123
219565
212361
215268
211423
211112
218396
211491
210345
215189
210345
217965
216234
215865
217804
215865
219565
211179
217612
219288
217799
214969
212022
215909
217804
217567
212995
218388
218388
215200
216680
210345
213633
219485
219749
214930
211256
218396
211082
214502
210776
211112
219565
210776
217106
212607
216680
216219
217160
214963
217567
213413
215865
214522
213413
212980
212758
211256
215824
213374
211228
214522
217160
216513
211559
213641
213633
213633
210627
215189
211559
219288
210345
210776
214969
215909
216513
214502
219463
211179
214804
217965
213123
212995
216359
211256
219749
212758
210062
213414
210288
211179
214963
218033
214963
213414
214930
212440
216335
214649
210761
216234
213414
214804
212995
210345
219485
216335
210062
216335
218388
212980
213633
216540
214502
218396
211559
217612
210387
213197
214522
217612
211256
213414
213197
214930
210062
211179
212758
210387
211112
213197
215909
214502
219288
210627
212022
213413
213201
210009
214963
215189
219749
212607
211491
212361
218388
211179
212758
213414
215004
214930
213413
211082
211228
219749
214369
211252
213641
215909
219485
214410
213197
216335
214930
217106
217612
